6.197806e-19
7.601833e-07
3.204618e-08
7.872978e-08
1.770440e-08
3.600925e-12
1.974533e-08
3.578663e-08
1.364747e-08
6.240411e-08
6.240411e-08
6.240411e-08
1.241513e-14
1.103453e-14
1.241513e-14
1.103453e-14
1.723025e-19
1.103453e-14
1.241513e-14
2.328515e-17
1.241513e-14
2.946575e-14
1.241513e-14
1.241513e-14
1.241513e-14
1.241513e-14
1.241513e-14
1.241513e-14
1.241513e-14
1.241513e-14
1.241513e-14
1.241513e-14
5.246571e-16
1.241513e-14
1.241513e-14
1.241513e-14
1.241513e-14
1.103453e-14
1.241513e-14
1.241513e-14
1.241513e-14
1.241513e-14
1.241513e-14
1.241513e-14
1.103453e-14
1.241513e-14
1.241513e-14
1.241513e-14
1.241513e-14
1.241513e-14
1.103453e-14
1.103453e-14
1.241513e-14
1.241513e-14
1.241513e-14
1.241513e-14
1.241513e-14
1.241513e-14
5.457291e-15
1.241513e-14
1.241513e-14
1.241513e-14
1.241513e-14
1.241513e-14
1.241513e-14
1.241513e-14
1.103453e-14
1.241513e-14
1.241513e-14
1.103453e-14
1.241513e-14
1.241513e-14
1.241513e-14
1.241513e-14
1.241513e-14
1.241513e-14
3.524271e-14
1.241513e-14
1.241513e-14
1.241513e-14
1.241513e-14
1.241513e-14
1.241513e-14
1.241513e-14
1.241513e-14
1.241513e-14
1.103453e-14
1.241513e-14
1.241513e-14
2.764607e-14
1.241513e-14
1.241513e-14
1.241513e-14
1.241513e-14
1.241513e-14
1.103453e-14
1.241513e-14
1.241513e-14
1.241513e-14
1.241513e-14
1.103453e-14
1.241513e-14
1.241513e-14
1.241513e-14
1.241513e-14
1.103453e-14
1.103453e-14
1.241513e-14
1.241513e-14
1.241513e-14
1.241513e-14
1.241513e-14
1.241513e-14
1.241513e-14
1.103453e-14
1.103453e-14
1.103453e-14
1.241513e-14
1.241513e-14
1.241513e-14
1.103453e-14
1.241513e-14
7.659048e-15
1.241513e-14
1.241513e-14
1.103453e-14
1.241513e-14
1.241513e-14
1.103453e-14
1.241513e-14
1.241513e-14
1.241513e-14
1.103453e-14
1.241513e-14
1.103453e-14
1.241513e-14
1.089900e-15
1.241513e-14
1.241513e-14
1.241513e-14
1.103453e-14
1.241513e-14
1.241513e-14
1.241513e-14
1.241513e-14
1.103453e-14
1.241513e-14
1.241513e-14
1.241513e-14
1.241513e-14
1.241513e-14
1.241513e-14
1.241513e-14
1.103453e-14
1.241513e-14
1.241513e-14
1.241513e-14
1.241513e-14
1.241513e-14
1.241513e-14
1.241513e-14
1.241513e-14
1.241513e-14
1.103453e-14
1.241513e-14
1.103453e-14
1.241513e-14
1.241513e-14
1.241513e-14
1.241513e-14
1.241513e-14
1.241513e-14
1.241513e-14
1.241513e-14
1.241513e-14
1.103453e-14
1.103453e-14
1.103453e-14
1.241513e-14
1.241513e-14
1.241513e-14
1.241513e-14
2.764607e-14
1.241513e-14
1.241513e-14
1.241513e-14
1.241513e-14
1.241513e-14
5.457291e-15
1.241513e-14
1.241513e-14
1.241513e-14
1.241513e-14
5.536647e-01
4.203422e-03
1.656767e-04
1.078652e-03
5.536647e-01
2.710317e-04
5.109203e-07
4.931186e-13
1.600801e-07
5.109203e-07
4.931186e-13
4.931186e-13
4.931186e-13
4.931186e-13
4.931186e-13
4.931186e-13
1.600801e-07
2.771814e-14
1.600801e-07
1.600801e-07
3.753553e-02
3.678205e-09
2.017884e-05
4.931186e-13
4.931186e-13
4.931186e-13
1.600801e-07
1.600801e-07
4.931186e-13
2.006747e-07
8.343891e-04
4.931186e-13
3.533101e-03
4.931186e-13
4.931186e-13
4.931186e-13
1.600801e-07
1.380232e-02
1.600801e-07
4.931186e-13
1.600801e-07
2.120322e-05
3.507722e-03
8.104971e-08
1.600801e-07
1.172411e-11
1.600801e-07
4.931186e-13
4.931186e-13
1.600801e-07
9.798862e-08
9.339689e-14
4.931186e-13
1.600801e-07
4.931186e-13
1.169360e-07
4.931186e-13
2.864010e-01
4.931186e-13
2.242149e-01
6.284460e-01
1.600801e-07
1.600801e-07
4.931186e-13
5.763147e-09
4.931186e-13
1.600801e-07
3.431956e+00
1.600801e-07
1.600801e-07
1.600801e-07
2.864010e-01
1.600801e-07
4.931186e-13
1.600801e-07
4.931186e-13
4.931186e-13
1.600801e-07
4.931186e-13
1.600801e-07
1.600801e-07
1.187409e-02
8.686030e-10
1.600801e-07
1.600801e-07
3.431956e+00
1.600801e-07
1.365271e-04
4.931186e-13
1.600801e-07
4.931186e-13
4.931186e-13
9.404167e-01
4.931186e-13
1.600801e-07
4.931186e-13
4.931186e-13
7.170333e-04
4.931186e-13
1.600801e-07
1.600801e-07
3.431956e+00
4.397496e-03
4.931186e-13
1.600801e-07
4.931186e-13
2.388365e+00
2.401284e-03
1.600801e-07
1.600801e-07
4.931186e-13
1.600801e-07
3.601675e-07
1.600801e-07
1.600801e-07
5.890560e-13
2.772627e-06
4.931186e-13
1.600801e-07
5.536647e-01
4.931186e-13
1.600801e-07
1.203826e-08
8.269755e-12
3.607663e-11
5.950579e-10
8.630160e-09
1.770354e-07
1.564072e-07
3.771761e-11
5.186099e-06
1.248204e-06
6.559493e-04
9.663855e-04
2.745143e-10
6.674418e-10
2.596614e-04
5.682399e-06
9.060673e-08
5.940576e-10
2.596614e-04
5.197842e-07
8.916975e-07
1.146077e-04
3.641916e-02
2.988984e-15
5.278148e-05
4.795456e-08
1.008450e-12
5.947407e-03
8.905005e-09
5.947407e-03
2.415222e-06
1.129881e-08
1.958678e-08
5.947407e-03
1.209100e-07
4.280143e-13
1.503149e-07
1.053395e-02
1.563170e-06
8.663472e-08
3.625354e-05
9.497792e-08
1.189279e-06
8.663472e-08
1.083259e-08
8.893325e-11
1.865008e-07
8.663472e-08
3.828167e-09
1.563170e-06
3.404337e-07
1.515240e-07
6.875619e-08
1.189279e-06
5.382106e-07
1.563170e-06
8.663472e-08
5.382106e-07
8.663472e-08
1.129670e-08
8.663472e-08
5.795159e-04
3.253484e-05
2.474289e-06
4.811377e-06
1.146077e-04
1.703596e-04
9.560447e-12
1.804843e-07
1.703596e-04
2.409739e-06
1.703596e-04
1.703596e-04
2.596614e-04
2.200070e-09
1.460001e-11
7.362413e-12
1.086618e-10
1.754082e-03
4.525456e-10
5.184903e-05
5.462419e-10
5.184903e-05
3.977713e-06
5.178482e-06
3.531971e-06
5.184903e-05
3.740583e-06
5.178482e-06
5.184903e-05
5.184903e-05
5.184903e-05
4.525456e-10
7.378629e-16
1.237067e-10
5.462419e-10
1.196691e-24
5.184903e-05
5.462419e-10
5.184903e-05
1.460001e-11
7.161427e-12
7.216376e-06
1.237067e-10
5.184903e-05
2.904593e-12
3.977713e-06
4.525456e-10
2.200070e-09
3.740583e-06
2.563728e-07
5.184903e-05
6.382698e-05
3.740583e-06
1.805980e-06
2.200070e-09
2.256677e-05
4.373357e-10
1.873612e-07
3.740583e-06
3.531971e-06
5.178482e-06
1.431152e-06
1.968056e-13
5.678987e-07
1.968056e-13
3.977713e-06
4.031453e-08
4.373357e-10
3.977713e-06
3.588173e-07
5.678987e-07
1.086618e-10
1.245763e-14
2.200070e-09
1.805980e-06
1.570757e-08
2.143171e-10
3.588173e-07
1.086618e-10
5.678987e-07
1.968056e-13
1.033508e-03
1.968056e-13
1.086618e-10
9.003057e-11
2.200070e-09
5.462419e-10
1.805980e-06
1.086618e-10
3.977713e-06
9.003057e-11
3.531971e-06
1.086618e-10
5.702725e-08
6.590788e-07
6.590788e-07
4.257438e-07
2.457540e-11
3.551964e-08
1.968056e-13
1.086618e-10
5.462419e-10
1.968056e-13
2.633383e-09
1.489446e-10
1.489446e-10
2.904593e-12
5.184903e-05
1.968056e-13
7.896821e-07
7.896821e-07
1.968056e-13
1.968056e-13
2.713432e-08
3.977713e-06
2.633383e-09
3.977713e-06
2.633383e-09
2.996345e-10
7.338599e-10
6.590788e-07
6.590788e-07
1.097294e-08
3.977713e-06
6.274308e-11
1.460001e-11
1.489446e-10
1.356029e-03
5.462419e-10
1.570757e-08
1.968056e-13
4.636580e-07
5.283088e-10
3.718477e-06
3.977713e-06
2.200070e-09
2.015894e-08
8.218806e-12
3.531971e-06
3.396254e-11
1.201343e-09
1.237067e-10
4.525456e-10
2.200070e-09
5.462419e-10
3.977713e-06
6.590788e-07
1.281864e-12
3.588173e-07
3.332140e-09
1.086618e-10
5.184903e-05
1.807352e-05
4.525456e-10
3.531971e-06
1.968056e-13
1.462358e-07
5.184903e-05
4.066660e-06
8.504541e-08
8.445085e-08
1.033508e-03
2.200070e-09
2.904593e-12
3.977713e-06
6.590788e-07
2.200070e-09
8.445085e-08
2.633383e-09
2.337386e-07
1.905461e-08
1.758174e-07
3.594280e-07
5.357753e-07
4.252493e-07
2.240706e-10
4.252493e-07
4.017250e-08
2.373889e-07
4.252493e-07
2.373889e-07
7.460134e-11
4.252493e-07
3.367723e-06
2.193230e-07
4.252493e-07
2.373889e-07
3.227651e-07
3.941890e-07
2.195322e-08
2.750815e-07
1.001541e-07
2.195322e-08
4.017250e-08
3.594280e-07
4.252493e-07
5.973191e-18
4.252493e-07
4.252493e-07
7.320123e-03
4.252493e-07
4.984722e-10
1.052972e-06
1.905461e-08
4.252493e-07
4.252493e-07
1.440623e-08
2.193230e-07
4.252493e-07
2.193230e-07
4.252493e-07
4.252493e-07
4.252493e-07
4.252493e-07
4.252493e-07
2.382452e-11
1.187409e-02
2.988008e-08
6.963602e-13
2.233442e-02
1.145856e-09
1.857657e-05
1.530959e-06
9.957104e-13
6.101863e-10
6.101863e-10
3.152201e-11
1.810613e-13
7.036989e-12
1.775938e-10
1.775938e-10
5.564030e-12
9.957104e-13
1.775938e-10
1.583205e-10
1.629536e-11
2.857505e-13
6.101863e-10
9.491158e-13
6.101863e-10
6.101863e-10
9.957104e-13
6.101863e-10
2.598995e-09
2.259356e-17
2.857505e-13
6.101863e-10
1.775938e-10
5.265352e-10
3.493506e-11
6.101863e-10
9.957104e-13
9.957104e-13
9.491158e-13
2.598995e-09
1.034522e-11
1.936567e-09
1.317140e-13
9.957104e-13
6.101863e-10
6.101863e-10
6.101863e-10
2.557334e-13
2.857505e-13
5.012525e-11
2.857505e-13
6.101863e-10
6.101863e-10
5.912804e-10
1.583205e-10
6.101863e-10
2.081376e-12
6.101863e-10
7.073803e-11
9.491158e-13
9.491158e-13
6.101863e-10
4.429373e-13
1.228371e-11
1.042449e-11
3.924670e-10
5.094707e-12
5.094707e-12
5.094707e-12
9.380778e-11
1.251640e-10
5.094707e-12
5.094707e-12
2.773995e-11
5.094707e-12
2.336745e-12
5.094707e-12
5.094707e-12
1.519111e-09
4.039777e-10
5.094707e-12
2.336745e-12
3.375813e-11
1.660365e-09
4.190430e-11
5.094707e-12
2.796487e-11
3.924670e-10
1.131745e-10
2.773995e-11
5.094707e-12
5.094707e-12
6.713530e-09
5.094707e-12
1.660365e-09
3.924670e-10
2.336745e-12
4.039777e-10
1.752003e-09
5.094707e-12
1.446449e-13
1.056602e-11
1.360475e-10
4.039777e-10
1.873702e-12
2.773995e-11
5.908740e-11
3.505053e-04
3.505053e-04
3.505053e-04
3.505053e-04
3.505053e-04
2.571486e-08
6.708701e-09
6.708701e-09
1.578389e-08
1.731034e-04
3.114269e-15
1.680781e-21
4.179645e-21
2.768055e-14
2.005693e-05
5.826508e-14
1.704225e-13
8.851759e-13
2.281834e-06
1.739659e-10
2.905571e-07
9.900796e-06
9.182847e-07
1.869469e-19
9.900796e-06
8.301262e-08
1.869469e-19
4.549520e-08
3.586001e-07
1.869469e-19
1.869469e-19
2.588873e-06
3.255444e-08
3.064334e-15
9.900796e-06
1.869469e-19
9.448789e-09
4.798016e-07
2.429689e-17
9.182847e-07
1.869469e-19
9.845865e-13
9.900796e-06
1.703421e-06
9.845865e-13
3.602438e-11
4.226260e-08
4.029045e-10
8.458267e-06
1.140752e-07
1.064635e-12
3.895866e-12
3.468505e-08
8.656697e-09
2.525000e-04
4.049376e-06
7.862293e-08
1.932571e-05
9.713681e-07
2.525000e-04
1.649801e-04
1.649801e-04
5.581764e-06
1.050596e-11
3.607494e-08
9.145295e-04
1.896578e-07
9.145295e-04
1.045409e-04
6.648688e-06
6.648688e-06
2.756883e-10
6.648688e-06
6.648688e-06
1.175877e-06
6.807374e-04
6.807374e-04
3.072268e-09
1.024745e-09
1.024745e-09
1.492517e-10
1.165714e-09
1.024745e-09
1.492517e-10
1.492517e-10
3.602213e-14
1.024745e-09
1.024745e-09
1.024745e-09
1.024745e-09
5.001438e-04
1.131056e-08
7.903937e-07
7.903937e-07
1.131056e-08
7.903937e-07
7.903937e-07
7.903937e-07
1.131056e-08
3.260379e-05
1.131056e-08
1.051748e-06
4.901321e-08
5.913745e-07
4.787994e-07
4.787994e-07
1.051748e-06
4.787994e-07
3.545162e-17
3.951649e-17
