30 5
2.460767e+02 5.433230e+02 7.357837e+02 5.116007e+02 2.294913e+02 
9.932261e+01 7.588884e+02 7.856307e+02 3.739378e+02 1.154959e+02 
2.908979e+02 1.470862e+03 1.461609e+03 1.164888e+03 3.450190e+02 
2.275739e+02 5.375660e+02 7.825196e+02 6.770377e+02 2.975783e+02 
7.710395e+01 5.392038e+02 7.295474e+02 3.779656e+02 8.745476e+01 
1.348699e+02 5.707246e+02 4.978692e+02 1.497209e+03 1.476023e+02 
8.712502e+02 4.313321e+03 2.318262e+03 6.904126e+02 8.750304e+02 
9.259813e+01 1.018295e+03 9.029892e+02 2.296001e+02 9.679270e+01 
1.020520e+02 1.105739e+03 1.185490e+03 3.113258e+02 1.546685e+02 
2.445086e+02 2.576558e+03 2.502205e+03 7.108183e+02 4.231852e+02 
5.861563e+01 2.196901e+02 2.340334e+02 5.202668e+02 8.466948e+01 
6.033295e+01 4.044590e+02 5.507725e+02 3.812155e+02 1.074955e+02 
1.237192e+01 1.556596e+03 1.668064e+03 1.815840e+02 1.446595e+02 
1.034381e+03 5.413234e+02 5.174412e+02 1.692897e+02 4.168402e+02 
2.464532e+01 1.014200e+03 1.301890e+03 1.083588e+02 1.441812e+02 
1.085075e+01 1.554533e+02 1.878073e+02 2.021981e+01 2.194429e+01 
2.646992e+01 9.959676e+02 1.229040e+03 1.839113e+02 1.408871e+02 
5.538214e+01 2.930401e+02 1.329342e+03 2.997997e+02 1.817119e+02 
9.005606e+01 8.278252e+02 7.534411e+02 3.321818e+02 1.067713e+02 
4.387234e+01 5.313532e+02 6.813463e+02 7.798703e+01 1.587166e+02 
3.007311e+01 2.692360e+02 4.123800e+02 1.088925e+02 1.096938e+02 
3.924590e+02 1.626977e+03 9.281393e+02 2.759240e+02 3.607760e+02 
2.243497e+01 4.378345e+02 1.380971e+02 4.076332e+01 4.614556e+01 
9.299457e+00 3.547180e+02 3.601142e+02 5.024476e+01 4.489906e+01 
9.836208e+00 1.074849e+02 1.685028e+02 1.386805e+02 3.277099e+01 
4.918003e+01 1.085646e+03 4.458556e+02 3.740698e+01 2.121873e+02 
5.929506e+01 2.780446e+02 2.427539e+02 1.029846e+02 3.819725e+01 
1.173785e+01 1.316175e+02 2.894290e+02 5.400674e+01 3.848430e+01 
7.833210e+01 4.211907e+02 7.550810e+02 1.523650e+02 1.703067e+02 
1.086767e+01 4.023608e+01 1.408108e+02 1.244257e+01 2.291835e+01 
